Reacoes de apoio [N]
[[-1485.27125457]
 [ -952.65646932]
 [ 4069.03466394]
 [ 6691.50650224]
 [ 6220.79203194]
 [-6514.37856431]
 [ 3971.33303787]]

Deslocamentos [m]
[[ 7.17615034e-08]
 [ 2.07196261e-07]
 [ 3.42635569e-07]
 [ 8.47619594e-07]
 [-4.84575292e-07]
 [ 7.93269889e-07]
 [-9.01575735e-07]
 [ 1.15334462e-06]
 [-3.60075880e-07]
 [ 1.70040494e-06]
 [-2.34489257e-06]]

Deformacoes []
[[ 3.58807517e-08]
 [ 6.77173790e-08]
 [ 6.77196539e-08]
 [-1.71317785e-07]
 [ 9.07610755e-08]
 [-2.42287646e-07]
 [-4.50168372e-08]
 [-2.71748522e-08]
 [-4.50787867e-07]
 [-3.38052514e-07]
 [ 1.80037365e-07]
 [-1.80037940e-07]
 [-3.78355125e-07]
 [-2.51882982e-07]
 [-7.21658418e-07]
 [-6.32969253e-07]]

Forcas internas [N]
[[   532.61478525]
 [  1005.1984856 ]
 [  1005.2322556 ]
 [ -2543.04552645]
 [  1347.25969919]
 [ -3596.52394306]
 [  -668.23106983]
 [  -403.38419362]
 [ -6691.50650224]
 [ -5018.06006181]
 [  2672.47920405]
 [ -2672.48773383]
 [ -5616.31304285]
 [ -3738.95735456]
 [-10712.31580004]
 [ -9395.81160406]]

Tensoes internas [Pa]
[[   7534.95785207]
 [  14220.64957977]
 [  14221.12732742]
 [ -35976.73475925]
 [  19059.82584492]
 [ -50880.40564327]
 [  -9453.53581251]
 [  -5706.71896715]
 [ -94665.45213892]
 [ -70991.02787281]
 [  37807.84672308]
 [ -37807.96739483]
 [ -79454.57624193]
 [ -52895.42622121]
 [-151548.26769226]
 [-132923.54321295]]